2.694299936294555664e+00
2.694694757461547852e+00
2.695089578628540039e+00
2.695484399795532227e+00
2.695878982543945312e+00
2.696273803710937500e+00
2.696668624877929688e+00
2.697063446044921875e+00
2.697458267211914062e+00
2.697853088378906250e+00
2.698247909545898438e+00
2.698642730712890625e+00
2.699037313461303711e+00
2.699432134628295898e+00
2.699826955795288086e+00
2.700221776962280273e+00
2.700616598129272461e+00
2.701011419296264648e+00
2.701406240463256836e+00
2.701801061630249023e+00
2.702195882797241211e+00
2.702590465545654297e+00
2.702985286712646484e+00
2.703380107879638672e+00
2.703774929046630859e+00
2.704169750213623047e+00
2.704564571380615234e+00
2.704959392547607422e+00
2.705354213714599609e+00
2.705748796463012695e+00
2.706143617630004883e+00
2.706538438796997070e+00
2.706933259963989258e+00
2.707328081130981445e+00
2.707722902297973633e+00
2.708117723464965820e+00
2.708512544631958008e+00
2.708907127380371094e+00
2.709301948547363281e+00
2.709696769714355469e+00
2.710091590881347656e+00
2.710486412048339844e+00
2.710881233215332031e+00
2.711276054382324219e+00
2.711670875549316406e+00
2.712065458297729492e+00
2.712460279464721680e+00
2.712855100631713867e+00
2.713249921798706055e+00
2.713644742965698242e+00
2.714039564132690430e+00
2.714434385299682617e+00
2.714829206466674805e+00
2.715223789215087891e+00
2.715618610382080078e+00
2.716013431549072266e+00
2.716408252716064453e+00
2.716803073883056641e+00
2.717197895050048828e+00
2.717592716217041016e+00
2.717987537384033203e+00
2.718382358551025391e+00
2.718776941299438477e+00
2.719171762466430664e+00
2.719566583633422852e+00
2.719961404800415039e+00
2.720356225967407227e+00
2.720751047134399414e+00
2.721145868301391602e+00
2.721540689468383789e+00
2.721935272216796875e+00
2.722330093383789062e+00
2.722724914550781250e+00
2.723119735717773438e+00
2.723514556884765625e+00
2.723909378051757812e+00
2.724304199218750000e+00
2.724699020385742188e+00
2.725093603134155273e+00
2.725488424301147461e+00
2.725883245468139648e+00
2.726278066635131836e+00
2.726672887802124023e+00
2.727067708969116211e+00
2.727462530136108398e+00
2.727857351303100586e+00
2.728251934051513672e+00
2.728646755218505859e+00
2.729041576385498047e+00
2.729436397552490234e+00
2.729831218719482422e+00
2.730226039886474609e+00
2.730620861053466797e+00
2.731015682220458984e+00
2.731410264968872070e+00
2.731805086135864258e+00
2.732199907302856445e+00
2.732594728469848633e+00
2.732989549636840820e+00
2.733384370803833008e+00
2.733779191970825195e+00
2.734174013137817383e+00
2.734568595886230469e+00
2.734963417053222656e+00
2.735358238220214844e+00
2.735753059387207031e+00
2.736147880554199219e+00
2.736542701721191406e+00
2.736937522888183594e+00
2.737332344055175781e+00
2.737727165222167969e+00
2.738121747970581055e+00
2.738516569137573242e+00
2.738911390304565430e+00
2.739306211471557617e+00
2.739701032638549805e+00
2.740095853805541992e+00
2.740490674972534180e+00
2.740885496139526367e+00
2.741280078887939453e+00
2.741674900054931641e+00
2.742069721221923828e+00
2.742464542388916016e+00
2.742859363555908203e+00
2.743254184722900391e+00
2.743649005889892578e+00
2.744043827056884766e+00
2.744438409805297852e+00
2.744833230972290039e+00
2.745228052139282227e+00
2.745622873306274414e+00
2.746017694473266602e+00
2.746412515640258789e+00
2.746807336807250977e+00
2.747201919555664062e+00
2.747596740722656250e+00
2.747991561889648438e+00
2.748386383056640625e+00
2.748781204223632812e+00
2.749176025390625000e+00
2.749570846557617188e+00
2.749965667724609375e+00
2.750360488891601562e+00
2.750755071640014648e+00
2.751149892807006836e+00
2.751544713973999023e+00
2.751939535140991211e+00
2.752334356307983398e+00
2.752729177474975586e+00
2.753123998641967773e+00
2.755199909210205078e+00
2.755594730377197266e+00
2.755989551544189453e+00
2.756384372711181641e+00
2.756779193878173828e+00
2.757173776626586914e+00
2.757568597793579102e+00
2.757963418960571289e+00
2.758358240127563477e+00
2.758753061294555664e+00
2.759147882461547852e+00
2.759542703628540039e+00
2.759937286376953125e+00
2.760332107543945312e+00
2.760726928710937500e+00
2.761121749877929688e+00
2.761516571044921875e+00
2.761911392211914062e+00
2.762306213378906250e+00
2.762701034545898438e+00
2.763095855712890625e+00
2.763490438461303711e+00
2.763885259628295898e+00
2.764280080795288086e+00
2.764674901962280273e+00
2.765069723129272461e+00
2.765464544296264648e+00
2.765859365463256836e+00
2.766254186630249023e+00
2.766648769378662109e+00
2.767043590545654297e+00
2.767438411712646484e+00
2.767833232879638672e+00
2.768228054046630859e+00
2.768622875213623047e+00
2.769017696380615234e+00
2.769412279129028320e+00
2.769807338714599609e+00
2.770201921463012695e+00
2.770596742630004883e+00
2.770991563796997070e+00
2.771386384963989258e+00
2.771781206130981445e+00
2.772176027297973633e+00
2.772570848464965820e+00
2.772965431213378906e+00
2.773360252380371094e+00
2.773755073547363281e+00
2.774149894714355469e+00
2.774544715881347656e+00
2.774939537048339844e+00
2.775334358215332031e+00
2.775729179382324219e+00
2.776124000549316406e+00
2.776518583297729492e+00
2.776913404464721680e+00
2.777308225631713867e+00
2.777703046798706055e+00
2.778097867965698242e+00
2.778492689132690430e+00
2.778887510299682617e+00
2.779282331466674805e+00
2.779676914215087891e+00
2.780071735382080078e+00
2.780466556549072266e+00
2.780861377716064453e+00
2.781256198883056641e+00
2.781651020050048828e+00
2.782045841217041016e+00
2.782440662384033203e+00
2.782835245132446289e+00
2.783230066299438477e+00
2.783624887466430664e+00
2.784019708633422852e+00
2.784414529800415039e+00
2.784809350967407227e+00
2.785204172134399414e+00
2.785598993301391602e+00
2.785993576049804688e+00
2.786388397216796875e+00
2.786783218383789062e+00
2.787178039550781250e+00
2.787572860717773438e+00
2.787967681884765625e+00
2.788362503051757812e+00
2.788757085800170898e+00
2.789152145385742188e+00
2.789546728134155273e+00
2.789941549301147461e+00
2.790336370468139648e+00
2.790731191635131836e+00
2.791126012802124023e+00
2.791520833969116211e+00
2.791915655136108398e+00
2.792310237884521484e+00
2.792705059051513672e+00
2.793099880218505859e+00
2.793494701385498047e+00
2.793889522552490234e+00
2.794284343719482422e+00
2.794679164886474609e+00
2.795073986053466797e+00
2.795468568801879883e+00
2.795863389968872070e+00
2.796258211135864258e+00
2.796653032302856445e+00
2.797047853469848633e+00
2.797442674636840820e+00
2.797837495803833008e+00
2.798232316970825195e+00
2.798627138137817383e+00
2.799021720886230469e+00
2.799416542053222656e+00
2.799811363220214844e+00
2.800206184387207031e+00
2.800601005554199219e+00
2.800995826721191406e+00
2.801390647888183594e+00
2.801785469055175781e+00
2.802180051803588867e+00
2.802574872970581055e+00
2.802969694137573242e+00
2.803364515304565430e+00
2.803759336471557617e+00
2.804154157638549805e+00
2.804548978805541992e+00
2.804943799972534180e+00
2.805338382720947266e+00
2.805733203887939453e+00
2.806128025054931641e+00
2.806522846221923828e+00
2.806917667388916016e+00
2.807312488555908203e+00
2.807707309722900391e+00
2.808101892471313477e+00
2.808496952056884766e+00
2.808891534805297852e+00
2.809286355972290039e+00
2.809681177139282227e+00
2.810075998306274414e+00
2.810470819473266602e+00
2.810865640640258789e+00
2.811260461807250977e+00
2.811655044555664062e+00
2.812049865722656250e+00
2.812444686889648438e+00
2.812839508056640625e+00
2.813234329223632812e+00
2.813629150390625000e+00
2.814023971557617188e+00
